27.755611196936602,57.96532022440476,62.5337118089161,219.36472405155862,321.81116925301393,430.2591757304962,469.0226613159856,488.85336150855363,509.60024601909373,549.365582527811,564.4887322874612,579.400586975835,600.8973443769976,968.3970700242986,1143.0918883163044,1271.3609175575766,1295.352042589288
28.51268651071702,67.09977951871184,80.88439664014766,212.39715283264766,240.28327845335556,326.92605224496504,376.5885773221293,448.7194157572289,678.7639996775687,709.5536123769465,768.0947546755763,827.9817731292459,918.6609148045916,930.3928211074858,1038.5403472519977,1215.4290391274199
353.39777585368233,384.61762942163114,447.1781747604104,556.7642194108391,568.2531838994897,610.5680299545342,645.3398073589855,645.445145259728,652.6313274011711,659.429510155956,821.2272324656493,915.7425064853659,955.4327868485694,1029.468582782806,1132.1898876210128,1431.4895849644743
56.854915377012,172.2967009479425,173.430564861367,203.4648163230567,207.801949613662,243.2195281200134,275.5710480762556,350.0483591655441,439.41145818915396,554.5837688495636,600.5547924729153,628.0670136071448,727.1162129791092,733.5152920501573,746.6636521676003,750.4591981107754,885.8122514196722,906.020856377703,1040.9702394686917,1060.3006365560607,1115.8718769564357,1231.121817160085,1266.6250236199276,1292.7181810916904,1437.33239300645
37.18076884161998,92.30029205672164,171.0035919400649,257.1469567570742,260.6398749600908,346.2209803240734,357.44828821266765,438.5984467681045,447.16835383289396,594.0017118834314,599.4327010208633,674.5151453563927,818.3546143983608,885.8157236418944,974.8598531136784,1020.0545947234864
46.78868536834081,140.8408196828828,148.12405094301897,301.8620659016664,338.65038580647547,395.43221766165294,436.9174530161592,443.2399060778698,501.91539530818153,538.4853336498094,541.1799374762833,614.9551457298326,659.4399268226226,674.1002373803418,762.9007020788304,774.4373375446855,852.8191478222118,891.9892153664114,912.5575734469235,1013.7907928524036,1143.8944070366902,1155.913551818157,1416.8016731908383,1418.6641051727222
80.7936382504064,158.9499409315645,188.22030206392267,216.06153875026786,341.64939123309176,416.2563426813207,501.8881446416448,611.5760241019047,649.0054396797564,657.6988622130872,681.2385774411409,795.7983225636332,804.6818445188967,859.3400942143629,956.4604214642226,1003.4690761078823,1029.454693893917,1070.6805306444567,1343.6680069947647
92.7505693364196,181.71360428986037,379.50073756150044,400.0661611948458,446.93076907450666,568.2705450106008,602.7976621086073,626.8294269809282,765.1864160386874,1020.4905485553655
27.288018798696623,63.293030580717094,88.93576634704127,342.91142588215223,448.6485763327463,513.6991507424385,556.7433860775058,992.7037590070479,1400.816719273064
125.48991507023136,172.5351747716712,243.19869478668005,416.2264980924991,443.21743338358164,533.6524624008132,549.4282471064553,554.6369018599372,572.8922531860004,640.2864711363234,880.5694468651677,1000.5440649369586,1030.5589811052112,1069.2266025601361,1070.67011397779,1112.0449755027087,1322.8442773419624,1375.4511530853074,1425.3001849964892
179.3618477067447,281.18921496386804,295.65083689615466,377.1339027261504,554.6683441694446,620.5179116123165,790.6033523375736,853.4790914100599,1236.8811034778255,1284.5512544347034
38.548772185863896,57.86167426974744,174.77604447694372,304.0348016333902,366.4691892381493,446.88976126313196,496.5000216849413,529.4468153358665,572.2980988797478,625.6476294909943,717.2532880521285,773.3093268545231,818.3436342675964,861.9716396771651,874.0055212346947,1040.9780035936135,1191.7577311307703,1209.3976205559918
37.25342778590374,451.6860975592192,496.4131008383569,523.6303841698372,707.17216429087,766.5327276794951,782.5580850220852,833.3329172430674,1221.5677692327988,1306.6180238052998,1357.8250323881816
120.82535953742921,169.6459475415171,188.27071336117407,205.79886456622006,237.75776207828727,447.1732642966522,515.9021150675811,590.8968609309997,653.71287842802,775.9663909557881,918.4835554220908
132.64154124900162,181.7026241590959,212.07068178740428,319.6173442566646,337.0622531223218,537.7654443100813,614.4299160142691,641.5783020404161,691.4381077191889,861.0275147544912,883.2415582870528,1115.5027533846123,1202.781112356951
48.69933883131511,224.76480547216818,226.19818636257781,269.52766304131376,564.8398277656664,626.0190694970981,672.7422200666329,677.1372486488106,678.716944274955,897.9953256417795,950.5146051159278,1029.4497834301587,1058.0244166821824,1111.7233418261078,1155.9170240403791,1177.2341369454912,1213.0574799113085,1323.6265782057512
132.61980302726485,555.6230422217162,560.9246984523687,698.3098804895646,731.7122093549856,848.2180257429902,890.9372138662959,995.9086415678205,1320.6343826842592,1379.5922713294995,1399.3707664503531
240.29144393883934,243.1909306617582,316.8039049316827,401.217047874643,607.748512717051,685.7461477416045,726.0217163994072,764.1131136306323,978.5902466393939,1052.6226672341247,1168.6379533326322
136.88383319452123,230.75027270788945,299.3660900170121,394.63405830475136,395.1376908579115,441.30252702546727,449.77351928744196,671.0223260071176,878.1687667172005,996.8911914268995,999.0793818115287,1097.364061215418,1263.7289469385935,1284.5790322124813,1361.3584528082497
256.817509353378,558.8232441089134,676.629128705788,689.1582361854024,701.1271327945524,790.5710358938605,848.1549398570586,993.0588610788216,1128.4250125599483,1154.430920042661,1420.8305895009987
50.55700657367389,173.77776335152586,243.23204739527543,377.64683299174874,600.7938556151893,691.423791380211,774.4889644858857,870.1346244233059,993.0274187693142
67.0928350742674,140.21436748124842,188.20160357500902,221.0506796872195,257.13443748181214,430.3108026716964,449.74896696865073,549.3373528288545,764.9133721577838,808.5521858636296,861.1709553365121,861.9681674549429,884.3360513565357,915.734742360444,993.1327236921402,1122.522797994138,1174.802896224723,1176.4785719935355,1209.8274322260218,1336.083966577839
50.550062129229445,120.83027000118744,181.73230277877403,245.50939900097146,260.43428266064564,323.5271952494306,378.8327119946358,416.2829289807981,438.5111366301206,542.662308407051,596.2625991692817,637.7877531460604,643.6293347790487,790.5955882126517,830.1873758423951,858.6806889548996,897.4815150925283,918.4786449583326,973.2133706423135,1144.5745052002771,1176.4750997713134,1212.1124202938345,1268.722584026189,1389.6801697049132
55.63634835840209,216.0740580255299,335.6143039339719,366.4614251132274,378.4830730494923,395.95388475503216,397.36819084576,529.375076028752,562.3294374772415,622.2692622934987,626.4155911867737,656.4558885206397,849.605327254695,871.1319958929369,891.9990362939278,1060.307581000505,1158.8736893438654,1160.5956380102323,1189.3608590350655,1320.628167609742,1372.3993658745426,1418.6128188474418
357.4552326571121,483.08680913126545,598.7508054151405,680.3550628185659,687.2673837379316,746.6323335396911,765.1989353139494,808.4768794307928,824.4649728675338,1106.653673580302,1176.4889886602023
55.66756612257778,92.29252793179977,104.25891031381177,114.9090836866428,177.93723745759968,242.00540327389157,443.23296163342536,496.4742667171967,545.3777318477701,635.9437965957674,742.6870056724813,906.3238329373095,1007.0577121570504,1058.073612326634,1111.72681404833,1164.2331088117596,1274.2577525841484
385.8498105906443,556.8191879938073,718.5225152926325,912.5936118102007,1013.8490114040347,1213.8699729515101,1404.9804846283785
80.82878792271757,114.72038470631365,173.01224108228325,304.1218674528669,682.4757537729621,915.7612049742795,918.6828750661206,990.2393609404517,1102.2567459701645,1132.2085861099265,1172.6143584873544,1300.3315376772775
246.99939914812705,366.9998802098453,427.52240813409907,448.65552077719076,455.0573192160696,833.3540379462976,848.1598503208169,859.4410750554654,1033.6877415406595,1078.2829451439877,1180.4557531710882,1202.7954286959289,1263.7254747163713,1367.6653303662633
151.64096492772285,245.12620712221383,513.7464223632314,515.8383215713923,568.227905740152,576.149980082635,592.4147633290544,626.8196060534118,894.9279705990083,1005.434666941261,1143.0568222763268,1217.2527845182676,1313.7793048709648,1386.9622086015265
198.62740987688863,215.1012254149711,338.5601038018695,377.6433607695265,446.88199713821007,600.9499073897351,686.478120015378,1024.7821769801499,1180.5112471206262,1309.2249007787816
258.70187759342946,568.4070676272651,935.0610326742781,1101.706505105625,1249.1120735821416,1400.8431629296817
84.98205731638953,275.5600679454911,336.03230686349457,359.0696552596046,447.1885914270771,537.7752652375978,902.3761146277752,1011.5652131861426,1101.6371732355583,1129.1710123837127,1147.0383037173845,1176.496752785124
34.30051843189589,34.580887996611814,245.5143094647297,397.3647186235378,501.9028760329195,513.6789043816925,628.6996150614364,771.0496955231937,808.5126540413826,970.9101098337427,1090.531183659035,1091.1709201568458,1131.217178139991,1138.9612389097688,1337.891203172741
7.495373876944932,46.82730726287421,55.19307575610617,99.3295471315009,148.274869224543,332.96737311140834,431.00509614432315,451.6762766317027,600.7795392762114,616.0736038506157,653.7051143030981,659.3724592982885,690.1895419352381,1143.0745272051934,1236.9267360553697,1420.811891012085
128.0817529516083,496.63159464625676,626.5405268582801,676.6542855302923,846.3704536128885,862.798287160356,1027.935826275104,1071.4213852963185,1085.167601544661,1256.304930028804,1397.784551419776,1435.6279995008185
132.59409150522566,230.76009363540592,333.054606938734,669.2885753097048,709.5041587634496,789.3125265739569,993.1150187632735,1102.2616564339228,1125.8861640277573,1341.3701476471954,1409.6031222267786
24.633607289335853,136.57489922995518,169.63041929167335,181.69010488383387,186.88869134155627,385.5464305476508,556.7844657715851,567.3990535882258,689.148415257886,819.4559161572136,871.117679553959,956.5195908562717,1139.01280346347,1158.8593730048876,1310.6140575018308,1405.590464265192
71.04617888501794,399.1956093611321,773.2840486951853,861.9334151094121,897.9828063665175,1176.7886199493114,1192.207304498273,1313.322951775414
80.77890685913168,173.02000520720512,235.6519383357478,278.4479862331813,629.6196115013703,656.3963007523693,678.7014160251113,887.359742724548,906.2434514549878,1060.2773441812951,1113.2833180471578,1260.1003391361637
44.12675059225184,55.64886763366412,350.03099805443304,384.63315767147486,395.4099845913841,496.6492995751234,564.8195814049204,691.4865253299874,720.3889026762641,789.3336472771871,791.4105999664071,869.9635824278985,906.2748937644952,990.2735876792091,1081.658168903252,1252.514651858863,1283.7019134747222
67.16588836572501,168.9890074772071,177.92170920775592,379.5257761120245,397.3569544986159,405.3152398298723,474.2550770088343,506.53758622027124,556.7153921269909,599.3907392597515,622.7771226698973,764.0689281066993,850.0675274201142,904.9504250522134,978.6135390141595,1106.818062750388,1213.0748410224196,1294.596260432452
416.27598453635363,431.2272094012165,568.1076694188987,616.0658397256938,737.2971246438572,750.4448817717976,849.0564855209593,863.5872360688347,881.9930173192662,1058.061093051372,1212.0921368936506,1295.7215808138235,1296.2926745968791
63.315263650985955,128.07398882668645,132.60507163599013,261.0838855013893,401.4816298857934,438.6196239191934,645.3254910200076,674.5008290174148,746.6497632787114,768.213449146511,869.0250035838994,901.2828677783107,1433.0279169321564
179.3792088178558,179.63899530248548,198.71446496205735,281.17185385275695,385.5199679338152,398.68570596975707,432.47402493383646,564.4690904324282,568.3852204413355,629.5694935113285,640.2398253685037,676.649375066534,986.8494600634167,988.6752825682555,1020.0407058345975,1089.061350126841,1238.1681594963654,1330.507976808479
267.9559908887496,373.61239672648384,539.8955925890825,604.0743358896763,607.2938555398251,656.4226730978535,690.9846495343589,918.6412729495586,929.4640029944115,953.6415167118253,956.5273549811936,1085.1710737668832,1144.6153242063988,1187.8827219111877
23.898727070603805,49.258778126081914,105.98748340351445,107.43812889891475,219.32994440284537,228.3113422377943,239.20171125732924,337.1229763016806,378.1229509647005,475.72938795366576,549.4108859953442,572.3183452404938,626.5803460504239,678.7862327478375,708.0256186230788,727.8752811590398,858.7399249913125,894.9886142864586,902.3617982887973,931.5336025510144,1012.4551207667603,1163.8114195070116,1213.8769173959545,1256.2650418130252,1372.4118851498047,1396.9861809573986
55.17279235592226,55.7060479369191,128.08951707653017,203.04902459027775,239.16276640766958,321.783175302499,645.477174645972,1149.0593765370559,1160.3185925312791,1217.8781750388803,1295.3800365398029,1433.0140280432674
238.77039044982973,278.7278997718894,416.24081443147696,432.550968370475,545.390251123032,559.581435785227,572.8590399849671,599.4162083135401,659.3581429593106,717.1546993576051,778.5223715352115,994.448956301983,995.3809013341236,1033.694685985104,1272.5190609921324,1426.5739311158086
57.93112280148186,84.0282741057595,148.19101476177048,239.69766783337533,240.30396321410137,257.6624433805693,336.05351158441647,342.25194886933997,416.2126092036102,592.1000932098098,596.2878773286194,743.1711673476125,861.9285046456538,873.9463923245926,880.5555579762788,890.1428977904088,1302.7605538194994
84.05971641526692,188.19062344424455,247.0828509140355,290.64509536674586,342.8786690032215,431.0965780445932,508.05575853183444,509.2988525431193,632.7487610858419,858.6681696796376,901.2938479090751,956.4333025417368,993.0930585017445,1092.9551637299464,1131.229697415253,1221.5832974826426,1309.231845223226
157.7328779123651,179.39018894862028,216.08657730079193,335.6423144196398,440.0442953914491,446.9036501520209,449.7252390993185,496.21398866681886,680.3218296398554,686.167978336457,709.433440289862,804.3512462207918,814.8321214176191,837.6507797971456,956.5416713201715,1129.327897379635,1143.0271555966556,1164.0621092429133,1236.9142167801076,1322.8115204630317
24.614908800422192,105.35636994880939,157.73635013458733,385.5277320587371,426.18326606283796,595.5457230548582,687.0735327279406,746.6448528149531,772.8759039586072,848.1831426955825,1111.7415454396046,1143.1105868052182,1193.1157040709754,1408.2869868205796
52.50757750701209,75.43329344895693,203.0633409292556,239.71878853660553,299.3883230872809,394.6562913750202,438.61615169697114,592.43805570382,599.3985033846734,1267.199209847147,1294.581551863086
140.82311475401616,179.34220585171173,209.9693218819882,388.2233874001758,664.2345301938709,748.5561071851787,771.0793741428718,802.2536382228146,804.73392785223,873.9640972534593,1053.2668089054503,1125.666377154114,1212.0999010185724,1234.922552540444,1269.019824192879,1310.6461114996162,1415.427053528883
267.0475932579994,339.2434128562579,392.9618363193861,422.85982147483367,454.5881622742756,562.1686316006906,569.9665102132798,572.8700201157316,672.7283311777439,1070.0345578647111,1106.6426934495375,1416.8190343019494
157.71551680125398,221.0304333264735,338.5978035591491,480.4183247536927,539.8906821253242,671.0378542569614,689.1406511329641,858.6980500660106,873.9710416979037,881.4165822609118,911.6240703140711,956.660801644952,993.0495206767962,1176.7124041709008,1221.608646660003,1313.3131308478974,1323.4864666368508
128.1042256458965,219.33485486660362,278.4074194328135,377.6732766483663,548.1546454868977,737.5717859080145,768.2359446627077,871.1107351095145,1069.2884250548875,1104.1227886515994,1300.3211210106108
198.67452696292185,235.70827299477307,290.0461200591278,405.04315250236215,507.7659235895605,540.7564015972802,549.3637964854721,569.9560935466131,618.3816929552352,635.2210232597818,645.4722641822137,859.4306583887987,871.9795932428328,881.971896616036,906.3091015460348,996.1427892932686,1278.643996526538,1436.1736879181476
128.09728120145203,257.70522073419914,261.10500620461954,549.7678211537982,555.5733609943554,600.8615956612302,656.4032451968137,698.3272416006757,894.9383872656749,995.9715991329819,1003.4488297471363,1158.849552077371,1176.1155216476427,1331.9311661558436
275.5943404510212,299.21380062698836,319.6395773269334,443.7193336916059,539.8695614220941,564.2288272571831,848.1909068205044,861.133952370368,962.2553745244502,1153.812639503298,1356.2325165085374,1397.3167150951483
128.41479739700503,139.1736295753749,169.1625382979219,172.31866120947146,215.09024528420665,617.1636931622033,642.4117421640904,675.2918595887973,676.5963718268573,687.2500226268205,824.4823339786449,890.9126615475047,927.1357583118709,1052.5955483116388,1190.1886827175463,1213.8956158848682,1266.6030633583987,1294.5893159880077
397.349190373694,400.0932801173316,526.742230566132,534.7865757811139,554.6048895527938,571.8128028155468,619.6421242840836,808.461351180949,992.6742962244984,1012.5215859892201,1177.2138905847453,1267.2240788668003
57.909162539952916,67.12173978024079,174.72855620673826,300.804814761897,301.3661056483013,310.5743406389878,376.5666170606004,499.7181672146231,530.6203738910069,556.8018268826962,736.1685102965829,770.1070609257174,868.241233868527,903.7878467795886,904.9602459797298,1168.6157202623633,1176.7014240401363,1247.4856901652756,1269.8527501499525,1350.6266293600122
79.29679642937728,114.89476734766497,123.95412630696944,185.88896544332445,290.630779027768,394.6612018387784,513.7241892929626,514.7744852514705,1400.8578943209563,1425.2730660740033
7.916657263844055,224.04074623500628,272.453338538247,564.515851209947,596.3034055784632,803.3092538535803,861.1513134814791,990.2548891902954,1088.9229014945429
44.151907416756075,55.18055648084414,80.81447158373973,300.7943980952303,417.46519415846547,454.61320082479966,592.1126124850717,686.9989301602923,804.1395573546693,821.192452816936,839.6976886060606,861.945934384674,945.4476854249892,990.4214395991409,1052.5781872005277,1122.5450310644069,1139.0018233327055,1145.0253378450398,1274.2720689231262,1306.177017278551,1307.4323447823147,1360.9086764424121
507.1816829279816,568.3572099556676,633.7842556368606,827.9523103466964,843.2988293659657,870.4677238806846,968.429082331442,992.9994248187993,1145.028810067262,1176.107757522721
34.60113435735781,38.57864137081891,323.2365852074055,336.00901448872895,409.43887402564013,520.3086017922951,569.9774903440442,622.7585234335011,682.49007011194,862.6708051491373,863.1071828480913,945.5661283602647,1219.3590523875753,1260.160278053722,1414.0022979593693
30.05648816218176,188.2435944386883,359.043211602987,377.7013241734721,399.2065894918966,474.5503049727668,509.66264639626786,516.4760826120624,526.7179250105764,660.9014219092189,709.5188901547243,730.292043904418,869.931570120755,882.0182954786039,1057.0499230835662,1101.6768384259537,1196.2122853996052,1229.872297976004,1362.8746802917303,1437.3618557889995
335.6345502947179,337.09968392691496,750.4856417673931,869.0102721926247,1373.9119903374353
136.91584550166462,145.25796231892176,235.6829948354353,258.8486297117414,323.50949032056394,542.6446034781843,808.4971257915388,1000.5071547084422,1012.5264964529783,1144.5922101291437,1147.0239873784067,1227.4617597411745,1336.0666054667279,1336.3351984859933,1417.7619471428643
49.533978300405906,92.7207001514646,125.53838371236854,148.0976072864014,394.6689659637003,401.4926100165579,432.4865442090985,471.979933048645,603.9699804411136,656.438183591773,885.8410018012321,993.1504286210069,1191.73661042754,1309.2093725289378,1310.6362905720996,1328.9657591787607,1367.6924492887492,1437.1195281762998
133.0266635226296,274.3460308930987,278.42294768265725,335.6521353471563,378.8150070657692,678.6763774745872,686.9879500295278,690.9309560475215,828.0070512885836,837.660600724662,873.9835609731657,889.6362972262145,1059.0227662547381,1190.1809185926245,1236.904395852591
27.727617246421676,123.95065408474721,165.09711736473264,188.29183406440427,301.3710161120595,539.906572719847,773.3326192292888,956.5541905954335,1221.5988257324864,1227.4721764078413,1268.7038855372753
44.14699695299783,46.812990923896365,128.4004810580272,145.27824571910566,223.3612506035737,315.17609583866704,337.0411324190916,378.37987618431464,515.8801548060521,558.7738146051349,649.2092655932113,680.3373578896992,708.0365987538432,737.5816068355309,1149.071895812318,1268.2551529911013,1331.8295776533373
57.52560833458898,67.186134726471,80.66056518436501,140.2389198000396,172.56161842828877,441.2747492476895,660.2240372750414,716.4671405564766,768.2281805377858,790.5477435190949,824.4462743786202,939.8740510284915,1058.3785510407156,1231.1284091827454,1292.6917374350728,1297.7204505008006
132.1955539386368,257.3110594284162,483.06656277051945,821.1973632806943,869.0001695061516,906.3013374211129,974.9709723389195,977.275098086107,1320.613261981029
52.94268088872271,67.13944470910742,172.34321352826265,332.0228979644795,357.1565636730424,441.28169369213396,607.5405482076492,643.4933438242736,727.8627618837778,995.9306018293495,1278.6509409709824,1396.9736616821365
80.84748641163122,185.9066703721911,219.40431347604124,568.3649740805895,640.3107766918789,641.7992351941625,970.8850712832186,999.4795857437832,1375.20386966433
118.4105098039094,189.76864500566433,635.82446616599,804.7165667411189,890.1087003674859,915.756933714372,925.6367839046834,928.3045648439809
55.73108648744316,125.45063136016545,336.02245508472896,541.350462262064,567.4261725107116,600.8149763184194,629.5868546224395,652.659321351686,740.7227949705515,808.5313525302962,859.8788141327589,937.2969579111348,1040.941606790736,1058.0467767123941,1144.595682351366,1260.1330960150945,1308.9454051648677
327.5343070856967,388.21086812491376,395.3944563415404,436.8877863364879,660.9335227432135,694.1983988507085,764.0832444456772,774.4670042243567,848.1205666107509,990.7290937078722,996.859179119756,1113.9489460552056,1210.0248931061615,1256.284683668058,1419.9904596237343
52.49716084034542,120.85139070441764,198.65428060217585,210.44244164065358,216.09909657605397,237.73345652273173,329.908397717762,339.2308935809959,399.2285497534255,430.2888424101675,454.6006815495376,560.9511421089863,569.9358471858671,649.0351063594276,928.3149815106475,995.9483067582162,1101.6548781644249,1160.2989506762462,1195.6014135056553,1437.3046152286722
55.688686825807984,132.64508118660262,316.8362949074845,537.0099768722262,545.460729418349,609.2640845313975,640.2537142573926,757.3883249263108,790.6313462880885,1098.7768660868312,1109.3844053604912,1275.5944969719721,1307.422523854798
46.84501219174085,105.37110134008411,192.87267120706656,197.30527659702364,336.07997419825205,377.68579592362835,395.9758450165611,488.8861183874844,507.75119219828576,558.7562295526966,656.4087842089646,668.9631181135417,771.0683940121073,1109.3878775827134,1233.903002184617,1345.2956033656892
212.09595994674206,274.4100504941134,472.37477644340765,483.62831962933274,554.700356476588,561.4824064587442,751.9262082091152,844.2044281338281,1260.1504571262055,1418.6361112222073
215.06156022457554,273.05009821659877,282.8034719797345,469.07131255384706,559.5671194462491,676.5744115653283,789.2948216450902,790.6417629547551,854.1943688803415,894.5200568741732,939.8887824197662,1011.5406608673514
118.38273202613163,151.16828221621816,152.12614027796542,216.11645768716508,241.21797882975,310.1580153856738,347.4003987924993,376.5479185716867,395.11338530235594,401.1924955558518,693.793504754106,856.463793920637,862.6638607046929,871.1591148154226,882.0357252176242,1081.6892254029397,1136.4251131873834,1151.645071506478,1195.6187746167664,1336.1159788849823
172.3481239920209,278.7511603353652,384.66735509439775,398.87413309366974,483.05879864559756,496.5837499526999,541.312078470003,596.0806491738293,668.9770070024306,781.4861208606944,814.3404171307159,824.3384727844453,861.1019400632246,1012.5544904034932,1057.0429786391219,1288.8985473659284
148.0417048142924,166.43977569876904,240.2545337103229,310.55960924771307,548.1266515363828,568.1263679078123,599.3466160559462,659.3974978488126,691.4691642188764,884.3114990377445,890.7304833264266,919.3359229903832,1020.4509591308829,1034.713478608383,1253.2373094618818,1349.4062915466145
13.097519966675147,24.600592461444354,62.50226949940868,207.8339619208054,323.5517475682218,337.0919198019931,346.25392071636685,384.5861871121237,385.4997215730692,419.7311183829197,527.4097973556613,529.1537352708317,534.3300781848408,600.928786686505,669.6449718671786,717.6233119763444,799.1527506940517,1113.953856518964,1115.4730867049411,1136.4496655061746,1180.490126417396,1217.9052939613662,1313.7423946424483
90.6155039878873,145.26572644384362,198.6493701384176,215.07926515344218,338.61744541418204,458.72353181753164,496.60830227149114,558.7863338803969,649.1967463179493,656.4312391473286,773.2545859126359,858.7176919210436,859.3742916372859,862.6427400014627,874.0335151852096,894.9663812161898,902.46381536319,944.9625574658919,993.1573730654513,1037.0373278862025,1069.2661919846187,1083.0283747056624,1138.982359612999,1409.6281607773026
158.19037695316638,198.6967600331907,208.35332154918962,241.23595227268194,389.9237197344638,515.8703338785357,708.0464196813597,720.3686563155181,929.4453045054979,973.1888183235224,1089.0436451979745,1111.694709148152,1183.2390040496798,1267.2130987360358
239.18301276841558,281.9612678520616,326.8931118526716,420.8105268780342,456.9863770437852,626.5616475615103,667.034259260672,821.6540634550729,990.736857832794,1138.9893040574434,1313.5779782214402
52.489396715423545,280.3739934311981,288.4934328588169,509.2376090220939,509.6359947348611,575.7393323629562,740.2001000969591,742.3312884223321,859.864497793781,878.7715021617435,994.428709941237,1164.2574143673153
57.894431148678194,102.13416250188824,125.52285546252479,132.6528453115245,151.17604634114002,174.74328759801298,189.78976570889452,207.76908979082413,329.8974175869975,345.2407037351305,353.4319732766052,419.7484794940308,455.0825973754074,496.6764184976092,564.2521196319487,589.8386255819951,610.6022273774571,652.5971299782482,891.2222602462359,956.6469127560631,1115.5313860625681,1258.34999620594
38.58962150158338,158.1764880642775,275.62078410763877,336.07221007333015,399.35764259431215,558.7639936776185,568.346793289001,603.6873742007909,882.0308147538659,902.403233550261,1085.1456412831321,1106.790943827902,1209.4600823860328
11.511584289741329,112.89522916432797,128.4412410536226,192.88365133783103,300.78187881996826,342.847612503534,385.42599951475484,448.6798263327463,496.44782306057914,660.9124020399834,674.1331777726352,690.9644031736129,702.3790173032431,717.9703297389806,775.9991478347189,843.2828378684816,939.883871956008,1013.823733244697,1211.4373591529802,1213.1047102073746,1238.1459264260966,1309.2629017229135,1351.89984850542
37.2165175573873,189.0093598271609,240.3213243252125,310.52835924771307,315.19162408851076,507.79398374207886,698.2802138098934,803.3266149646914,821.1777214256613,843.2863100907038,1202.81998101472,1268.7569572724967
